-2.1319444444444446
-2.1319444444444446
-2.1319444444444446
-2.1319444444444446
-2.1319444444444446
-2.1319444444444446
-2.1319444444444446
-2.1319444444444446
-2.0277777777777777
-2.0277777777777777
-2.0277777777777777
-2.0277777777777777
-2.0277777777777777
-2.0277777777777777
-2.0277777777777777
-2.0277777777777777
-2.0277777777777777
-2.0277777777777777
-2.0277777777777777
-2.0277777777777777
-2.0277777777777777
-2.0277777777777777
-2.0277777777777777
-2.0277777777777777
-2.0277777777777777
-2.0277777777777777
-2.0277777777777777
-2.0277777777777777
-2.0277777777777777
-2.0277777777777777
-2.0277777777777777
-2.0277777777777777
-2.0277777777777777
-2.0277777777777777
-2.0277777777777777
-2.0277777777777777
-2.0277777777777777
-2.0277777777777777
-2.0277777777777777
-2.0277777777777777
-2.0277777777777777
-2.0277777777777777
-2.0277777777777777
-2.0277777777777777
-2.0277777777777777
-2.0277777777777777
-2.0277777777777777
-2.0277777777777777
-1.9777777777777779
-1.9777777777777779
-1.9777777777777779
-1.9777777777777779
-1.9777777777777779
-1.9777777777777779
-1.9777777777777779
-1.9777777777777779
-1.9777777777777779
-1.9236111111111112
-1.9236111111111112
-1.9236111111111112
-1.9236111111111112
-1.9236111111111112
-1.9236111111111112
-1.9236111111111112
-1.9236111111111112
-1.8736111111111111
-1.8736111111111111
-1.8736111111111111
-1.8736111111111111
-1.8736111111111111
-1.8736111111111111
-1.8736111111111111
-1.8736111111111111
-1.8736111111111111
-1.8736111111111111
-1.8736111111111111
-1.8736111111111111
-1.8736111111111111
-1.8736111111111111
-1.8736111111111111
-1.8736111111111111
-1.8736111111111111
-1.8736111111111111
-1.8736111111111111
-1.8736111111111111
-1.8736111111111111
-1.8736111111111111
-1.8736111111111111
-1.8736111111111111
-1.8736111111111111
-1.8736111111111111
-1.8736111111111111
-1.8736111111111111
-1.8736111111111111
-1.8736111111111111
-1.8736111111111111
-1.8736111111111111
-1.8736111111111111
-1.8736111111111111
-1.8736111111111111
-1.8736111111111111
-1.8736111111111111
-1.8736111111111111
-1.8736111111111111
-1.8736111111111111
-1.8736111111111111
-1.8736111111111111
-1.8736111111111111
-1.8736111111111111
-1.8736111111111111
-1.8555555555555556
-1.8555555555555556
-1.7694444444444444
-1.7694444444444444
-1.7694444444444444
-1.7694444444444444
-1.7694444444444444
-1.7694444444444444
-1.7694444444444444
-1.7694444444444444
-1.7694444444444444
-1.1680555555555556
-1.1680555555555556
-1.0694444444444444
-1.0694444444444444
-1.0694444444444444
-1.0694444444444444
-1.0694444444444444
-1.0694444444444444
-1.0694444444444444
-1.0694444444444444
-1.0638888888888889
-1.0638888888888889
-1.0638888888888889
-1.0638888888888889
-1.0638888888888889
-1.0638888888888889
-0.9652777777777778
-0.9652777777777778
-0.9652777777777778
-0.9652777777777778
-0.9652777777777778
-0.9652777777777778
-0.9652777777777778
-0.9652777777777778
-0.9597222222222223
-0.9597222222222223
-0.9152777777777777
-0.9152777777777777
-0.9152777777777777
-0.9152777777777777
-0.9152777777777777
-0.9152777777777777
-0.9152777777777777
-0.9152777777777777
-0.9152777777777777
-0.8111111111111111
-0.8111111111111111
-0.8111111111111111
-0.8111111111111111
-0.8111111111111111
-0.8111111111111111
-0.8111111111111111
-0.8111111111111111
-0.8111111111111111
-0.5625
-0.14166666666666666
-0.14166666666666666
-0.06388888888888888
-0.06388888888888888
-0.0375
-0.0375
-0.0375
-0.014583333333333334
0.030555555555555555
0.030555555555555555
0.04027777777777778
0.04027777777777778
0.04027777777777778
0.04027777777777778
0.04027777777777778
0.04027777777777778
0.04583333333333333
0.04583333333333333
0.04583333333333333
0.04583333333333333
0.04583333333333333
0.04583333333333333
0.04583333333333333
0.04583333333333333
0.04652777777777778
0.04652777777777778
0.04861111111111111
0.04861111111111111
0.04861111111111111
0.04861111111111111
0.04861111111111111
0.050694444444444445
0.050694444444444445
0.052083333333333336
0.05416666666666667
0.05555555555555555
0.05555555555555555
0.05555555555555555
0.05555555555555555
0.05555555555555555
0.05555555555555555
0.05555555555555555
0.05555555555555555
0.05555555555555555
0.05694444444444444
0.05694444444444444
0.05694444444444444
0.059027777777777776
0.059722222222222225
0.06111111111111111
0.06111111111111111
0.06111111111111111
0.06458333333333334
0.06458333333333334
0.06458333333333334
0.06458333333333334
0.06458333333333334
0.06458333333333334
0.06458333333333334
0.06458333333333334
0.06458333333333334
0.06666666666666667
0.06666666666666667
0.06666666666666667
0.06666666666666667
0.07013888888888889
0.07013888888888889
0.07013888888888889
0.07013888888888889
0.07013888888888889
0.07013888888888889
0.07013888888888889
0.07013888888888889
0.07013888888888889
0.07013888888888889
0.07013888888888889
0.07013888888888889
0.07013888888888889
0.07013888888888889
0.07013888888888889
0.07013888888888889
0.07013888888888889
0.07013888888888889
0.07013888888888889
0.07013888888888889
0.07083333333333333
0.07083333333333333
0.07083333333333333
0.07083333333333333
0.07083333333333333
0.07083333333333333
0.07083333333333333
0.07152777777777777
0.07291666666666667
0.07847222222222222
0.07916666666666666
0.0798611111111111
0.0798611111111111
0.0798611111111111
0.08680555555555555
0.08958333333333333
0.08958333333333333
0.09097222222222222
0.09097222222222222
0.10138888888888889
0.10138888888888889
0.10138888888888889
0.10138888888888889
0.10138888888888889
0.10138888888888889
0.10555555555555556
0.1076388888888889
0.11875
0.11875
0.11875
0.12083333333333333
0.12083333333333333
0.12291666666666666
0.12361111111111112
0.125
0.1326388888888889
0.13402777777777777
0.13402777777777777
0.13402777777777777
0.13402777777777777
0.13402777777777777
0.15
0.15
0.15
0.15
0.15
0.15
0.15
0.15
0.15
0.15
0.15
0.15
0.15069444444444444
0.15069444444444444
0.15069444444444444
0.1527777777777778
0.1527777777777778
0.1527777777777778
0.1527777777777778
0.1527777777777778
0.1527777777777778
0.1527777777777778
0.1527777777777778
0.1527777777777778
0.1527777777777778
0.1527777777777778
0.1527777777777778
0.1527777777777778
0.1527777777777778
0.1527777777777778
0.1527777777777778
0.1527777777777778
0.1527777777777778
0.1527777777777778
0.1527777777777778
0.1527777777777778
0.1527777777777778
0.1527777777777778
0.1527777777777778
0.1527777777777778
0.1527777777777778
0.1527777777777778
0.1527777777777778
0.1527777777777778
0.1527777777777778
0.15486111111111112
0.15486111111111112
0.15486111111111112
0.15486111111111112
0.15486111111111112
0.15486111111111112
0.15486111111111112
0.15486111111111112
0.15486111111111112
0.15486111111111112
0.15486111111111112
0.15486111111111112
0.15625
0.15625
0.15625
0.15625
0.15833333333333333
0.15833333333333333
0.15833333333333333
0.15833333333333333
0.15833333333333333
0.15833333333333333
0.1597222222222222
0.1597222222222222
0.1597222222222222
0.1597222222222222
0.1597222222222222
0.1597222222222222
0.1597222222222222
0.1597222222222222
0.1597222222222222
0.1597222222222222
0.1597222222222222
0.1597222222222222
0.1597222222222222
0.1597222222222222
0.1597222222222222
0.1597222222222222
0.1597222222222222
0.1597222222222222
0.16180555555555556
0.16180555555555556
0.16180555555555556
0.16180555555555556
0.16180555555555556
0.16319444444444445
0.16319444444444445
0.16319444444444445
0.16319444444444445
0.16319444444444445
0.16319444444444445
0.1638888888888889
0.1638888888888889
0.1638888888888889
0.1638888888888889
0.1638888888888889
0.1638888888888889
0.16527777777777777
0.16527777777777777
0.16527777777777777
0.16527777777777777
0.16527777777777777
0.16527777777777777
0.16527777777777777
0.16527777777777777
0.16527777777777777
0.16527777777777777
0.16527777777777777
0.16527777777777777
0.16527777777777777
0.16527777777777777
0.16527777777777777
0.16527777777777777
0.16527777777777777
0.16527777777777777
0.16527777777777777
0.16875
0.16875
0.16875
0.16875
0.16875
0.16875
0.16875
0.16875
0.16875
0.16875
0.16875
0.16875
0.16875
0.16875
0.16875
0.16875
0.16875
0.16875
0.16875
0.16875
0.16875
0.16875
0.16875
0.16875
0.16875
0.16875
0.16875
0.16875
0.16875
0.16875
0.16875
0.16875
0.16875
0.16875
0.16875
0.16875
0.17083333333333334
0.17083333333333334
0.17083333333333334
0.17083333333333334
0.17083333333333334
0.18055555555555555
0.18055555555555555
0.18055555555555555
0.18055555555555555
0.18055555555555555
0.18055555555555555
0.18055555555555555
0.18055555555555555
0.18333333333333332
0.18333333333333332
0.18333333333333332
0.18333333333333332
0.18333333333333332
0.18333333333333332
0.1840277777777778
0.1840277777777778
0.1840277777777778
0.1840277777777778
0.1840277777777778
0.1840277777777778
0.1840277777777778
0.1840277777777778
0.1840277777777778
0.1840277777777778
0.1840277777777778
0.1840277777777778
0.1840277777777778
0.1840277777777778
0.1840277777777778
0.18611111111111112
0.18888888888888888
0.18888888888888888
0.18888888888888888
0.18888888888888888
0.18888888888888888
0.18888888888888888
0.18888888888888888
0.18888888888888888
0.18888888888888888
0.18888888888888888
0.19027777777777777
0.19375
0.19375
0.19375
0.1951388888888889
0.1951388888888889
0.1951388888888889
0.1951388888888889
0.19930555555555557
0.20069444444444445
0.20277777777777778
0.20277777777777778
0.20277777777777778
0.20277777777777778
0.20555555555555555
0.20555555555555555
0.20555555555555555
0.21180555555555555
0.21180555555555555
0.21180555555555555
0.21180555555555555
0.2152777777777778
0.22013888888888888
0.22013888888888888
0.22013888888888888
0.22013888888888888
0.22013888888888888
0.22708333333333333
0.22708333333333333
0.22708333333333333
0.22708333333333333
0.22708333333333333
0.22708333333333333
0.22916666666666666
0.22916666666666666
0.22916666666666666
0.22916666666666666
0.22916666666666666
0.23055555555555557
0.23055555555555557
0.23055555555555557
0.23055555555555557
0.23055555555555557
0.23055555555555557
0.23055555555555557
0.23055555555555557
0.23055555555555557
0.23055555555555557
0.23055555555555557
0.23055555555555557
0.23055555555555557
0.23055555555555557
0.23333333333333334
0.23333333333333334
0.23333333333333334
0.23333333333333334
0.23333333333333334
0.23333333333333334
0.23333333333333334
0.23333333333333334
0.23333333333333334
0.23333333333333334
0.23333333333333334
0.23680555555555555
0.23680555555555555
0.23680555555555555
0.23680555555555555
0.23680555555555555
0.23680555555555555
0.24097222222222223
0.24097222222222223
0.2423611111111111
0.24375
0.24583333333333332
0.24583333333333332
0.24583333333333332
0.24583333333333332
0.2465277777777778
0.2465277777777778
0.24791666666666667
0.24791666666666667
0.24791666666666667
0.24791666666666667
0.24791666666666667
0.24791666666666667
0.24791666666666667
0.24861111111111112
0.24861111111111112
0.24861111111111112
0.24861111111111112
0.24930555555555556
0.25277777777777777
0.2534722222222222
0.25416666666666665
0.25416666666666665
0.25416666666666665
0.25416666666666665
0.25416666666666665
0.25416666666666665
0.25416666666666665
0.25416666666666665
0.25416666666666665
0.25416666666666665
0.25416666666666665
0.25416666666666665
0.2548611111111111
0.2548611111111111
0.2548611111111111
0.2548611111111111
0.25625
0.2569444444444444
0.2569444444444444
0.2569444444444444
0.2569444444444444
0.2569444444444444
0.2569444444444444
0.2590277777777778
0.2590277777777778
0.2604166666666667
0.2625
0.2638888888888889
0.2638888888888889
0.2638888888888889
0.26666666666666666
0.2673611111111111
0.26805555555555555
0.26944444444444443
0.26944444444444443
0.26944444444444443
0.27291666666666664
0.27291666666666664
0.27291666666666664
0.27291666666666664
0.27291666666666664
0.27291666666666664
0.27291666666666664
0.27291666666666664
0.27291666666666664
0.275
0.275
0.27569444444444446
0.2777777777777778
0.2798611111111111
0.28055555555555556
0.2826388888888889
0.2861111111111111
0.2875
0.2881944444444444
0.2881944444444444
0.2881944444444444
0.2881944444444444
0.28888888888888886
0.2902777777777778
0.2902777777777778
0.2902777777777778
0.2902777777777778
0.2902777777777778
0.2902777777777778
0.2902777777777778
0.2902777777777778
0.2902777777777778
0.2902777777777778
0.2902777777777778
0.2902777777777778
0.2902777777777778
0.29444444444444445
0.29444444444444445
0.29444444444444445
0.29444444444444445
0.29791666666666666
0.29791666666666666
0.29791666666666666
0.29930555555555555
0.30972222222222223
0.30972222222222223
0.30972222222222223
0.3159722222222222
0.32708333333333334
0.32708333333333334
0.32708333333333334
0.33125
0.3333333333333333
0.3347222222222222
0.3347222222222222
0.3347222222222222
0.3347222222222222
0.3347222222222222
0.3347222222222222
0.3347222222222222
0.3347222222222222
0.3347222222222222
0.34097222222222223
0.35833333333333334
0.35833333333333334
0.35833333333333334
0.35833333333333334
0.3590277777777778
0.3625
0.36666666666666664
0.36944444444444446
0.38819444444444445
0.39444444444444443
0.3972222222222222
0.39791666666666664
0.39791666666666664
0.39791666666666664
0.39791666666666664
0.39791666666666664
0.39791666666666664
0.39791666666666664
0.39791666666666664
0.39791666666666664
0.39791666666666664
0.39861111111111114
0.40208333333333335
0.4027777777777778
0.40694444444444444
0.41388888888888886
0.4152777777777778
0.42916666666666664
0.42916666666666664
0.53125
0.6006944444444444
0.6013888888888889
0.6180555555555556
0.6354166666666666
0.6354166666666666
0.6354166666666666
0.6354166666666666
0.6354166666666666
0.6520833333333333
0.6520833333333333
0.6520833333333333
0.6520833333333333
0.6527777777777778
0.6729166666666667
0.6805555555555556
0.6805555555555556
0.6805555555555556
0.6805555555555556
0.6805555555555556
0.6805555555555556
0.6805555555555556
0.6805555555555556
0.6805555555555556
0.6805555555555556
0.68125
0.6833333333333333
0.6833333333333333
0.6833333333333333
0.6833333333333333
0.6833333333333333
0.6833333333333333
0.6833333333333333
0.6833333333333333
0.6875
0.6902777777777778
0.6902777777777778
0.7048611111111112
0.7048611111111112
0.7048611111111112
0.7048611111111112
0.7055555555555556
0.7055555555555556
0.7055555555555556
0.7055555555555556
0.7069444444444445
0.7069444444444445
0.7069444444444445
0.7069444444444445
0.7090277777777778
0.7180555555555556
0.7180555555555556
0.7222222222222222
0.7222222222222222
0.7222222222222222
0.7222222222222222
0.7222222222222222
0.7222222222222222
0.73125
0.7395833333333334
0.7395833333333334
0.7395833333333334
0.7395833333333334
0.7430555555555556
0.7444444444444445
0.7444444444444445
0.7444444444444445
0.7555555555555555
0.75625
0.75625
0.75625
0.75625
0.75625
0.75625
0.75625
0.75625
0.75625
0.75625
0.75625
0.75625
0.75625
0.75625
0.75625
0.75625
0.75625
0.75625
0.75625
0.75625
0.75625
0.75625
0.75625
0.75625
0.7569444444444444
0.7569444444444444
0.7569444444444444
0.7569444444444444
0.7569444444444444
0.7569444444444444
0.7583333333333333
0.7583333333333333
0.7583333333333333
0.7583333333333333
0.7583333333333333
0.7583333333333333
0.7583333333333333
0.7590277777777777
0.7604166666666666
0.7604166666666666
0.7604166666666666
0.7604166666666666
0.7611111111111111
0.7659722222222223
0.7770833333333333
0.7770833333333333
0.7770833333333333
0.7784722222222222
0.7798611111111111
0.7847222222222222
0.7847222222222222
0.7847222222222222
0.7847222222222222
0.7847222222222222
0.7847222222222222
0.7847222222222222
0.7847222222222222
0.7847222222222222
0.7847222222222222
0.7847222222222222
0.7847222222222222
0.7847222222222222
0.7847222222222222
0.7847222222222222
0.7847222222222222
0.7847222222222222
0.7847222222222222
0.7847222222222222
0.7847222222222222
0.7847222222222222
0.7847222222222222
0.7847222222222222
0.7847222222222222
0.7847222222222222
0.7847222222222222
0.7847222222222222
0.7847222222222222
0.7847222222222222
0.7847222222222222
0.7847222222222222
0.7847222222222222
0.7847222222222222
0.7847222222222222
0.7847222222222222
0.7847222222222222
0.7847222222222222
0.7847222222222222
0.7847222222222222
0.7847222222222222
0.7854166666666667
0.7854166666666667
0.7854166666666667
0.7854166666666667
0.7875
0.7875
0.7875
0.7875
0.7875
0.7875
0.7875
0.7875
0.7875
0.7875
0.7875
0.7875
0.7875
0.7875
0.7875
0.7875
0.7875
0.7875
0.7875
0.7875
0.7875
0.7875
0.7875
0.7875
0.7875
0.7875
0.7875
0.7875
0.7875
0.7875
0.7875
0.7875
0.7916666666666666
0.7916666666666666
0.7916666666666666
0.7916666666666666
0.7916666666666666
0.7930555555555555
0.7951388888888888
0.8083333333333333
0.8083333333333333
0.8090277777777778
0.8090277777777778
0.8097222222222222
0.8097222222222222
0.8097222222222222
0.8111111111111111
0.8111111111111111
0.8111111111111111
0.8111111111111111
0.8111111111111111
0.8111111111111111
0.8111111111111111
0.8111111111111111
0.8111111111111111
0.8111111111111111
0.8111111111111111
0.8111111111111111
0.8111111111111111
0.8131944444444444
0.8131944444444444
0.8131944444444444
0.8131944444444444
0.8131944444444444
0.8131944444444444
0.8222222222222222
0.8222222222222222
0.8222222222222222
0.8222222222222222
0.8222222222222222
0.8222222222222222
0.8229166666666666
0.8263888888888888
0.8333333333333334
0.8340277777777778
0.8354166666666667
0.8354166666666667
0.8354166666666667
0.8354166666666667
0.8354166666666667
0.8354166666666667
0.8361111111111111
0.84375
0.84375
0.84375
0.84375
0.84375
0.84375
0.84375
0.84375
0.84375
0.84375
0.84375
0.84375
0.84375
0.84375
0.84375
0.84375
0.84375
0.84375
0.8444444444444444
0.8451388888888889
0.8472222222222222
0.8472222222222222
0.8472222222222222
0.8486111111111111
0.8486111111111111
0.8486111111111111
0.8486111111111111
0.8486111111111111
0.8486111111111111
0.8486111111111111
0.8486111111111111
0.8486111111111111
0.8486111111111111
0.8486111111111111
0.8493055555555555
0.8493055555555555
0.8493055555555555
0.8493055555555555
0.8493055555555555
0.8597222222222223
0.8597222222222223
0.8597222222222223
0.8597222222222223
0.8597222222222223
0.8597222222222223
0.8604166666666667
0.8604166666666667
0.8604166666666667
0.8604166666666667
0.8611111111111112
0.8625
0.8625
0.8625
0.8625
0.8625
0.8625
0.8625
0.8625
0.8625
0.8625
0.8625
0.8625
0.8625
0.8625
0.8625
0.8625
0.8625
0.8625
0.8625
0.8625
0.8625
0.8625
0.8625
0.8625
0.8625
0.8625
0.8625
0.8625
0.8625
0.8625
0.8625
0.8625
0.8625
0.8625
0.8625
0.8631944444444445
0.8631944444444445
0.8631944444444445
0.8631944444444445
0.8631944444444445
0.8645833333333334
0.8645833333333334
0.8645833333333334
0.8645833333333334
0.8645833333333334
0.8645833333333334
0.8645833333333334
0.8645833333333334
0.8645833333333334
0.8645833333333334
0.8645833333333334
0.8645833333333334
0.8645833333333334
0.8645833333333334
0.8645833333333334
0.8645833333333334
0.8645833333333334
0.8645833333333334
0.8652777777777778
0.8652777777777778
0.8652777777777778
0.8652777777777778
0.8701388888888889
0.8701388888888889
0.8701388888888889
0.88125
0.88125
0.88125
0.8826388888888889
0.8826388888888889
0.8826388888888889
0.8833333333333333
0.8840277777777777
0.8840277777777777
0.8840277777777777
0.8840277777777777
0.8868055555555555
0.8881944444444444
0.8888888888888888
0.8888888888888888
0.8888888888888888
0.8888888888888888
0.8888888888888888
0.8888888888888888
0.8888888888888888
0.8888888888888888
0.8888888888888888
0.8888888888888888
0.8895833333333333
0.8902777777777777
0.8902777777777777
0.8902777777777777
0.8902777777777777
0.8916666666666667
0.8916666666666667
0.8916666666666667
0.8916666666666667
0.8916666666666667
0.8916666666666667
0.8916666666666667
0.8916666666666667
0.8958333333333334
0.8958333333333334
0.8958333333333334
0.8958333333333334
0.8958333333333334
0.8958333333333334
0.8958333333333334
0.8958333333333334
0.8958333333333334
0.8958333333333334
0.8958333333333334
0.8958333333333334
0.8958333333333334
0.8958333333333334
0.8958333333333334
0.8958333333333334
0.8958333333333334
0.8958333333333334
0.8958333333333334
0.8958333333333334
0.8958333333333334
0.8958333333333334
0.8958333333333334
0.8958333333333334
0.8958333333333334
0.8958333333333334
0.8958333333333334
0.8958333333333334
0.8958333333333334
0.8958333333333334
0.8958333333333334
0.8972222222222223
0.8972222222222223
0.8972222222222223
0.8972222222222223
0.8972222222222223
0.8986111111111111
0.8986111111111111
0.8993055555555556
0.8993055555555556
0.8993055555555556
0.8993055555555556
0.9027777777777778
0.9076388888888889
0.9076388888888889
0.9076388888888889
0.9097222222222222
0.9125
0.9125
0.9125
0.9125
0.9125
0.9125
0.9131944444444444
0.9131944444444444
0.9131944444444444
0.9131944444444444
0.9138888888888889
0.9138888888888889
0.9138888888888889
0.9138888888888889
0.9138888888888889
0.9152777777777777
0.9152777777777777
0.9152777777777777
0.9152777777777777
0.9152777777777777
0.9152777777777777
0.9152777777777777
0.9173611111111111
0.9180555555555555
0.9180555555555555
0.9180555555555555
0.9180555555555555
0.9180555555555555
0.9180555555555555
0.9180555555555555
0.9180555555555555
0.9180555555555555
0.9180555555555555
0.9180555555555555
0.9180555555555555
0.9180555555555555
0.9180555555555555
0.9180555555555555
0.9180555555555555
0.9201388888888888
0.9201388888888888
0.9201388888888888
0.9208333333333333
0.9208333333333333
0.9208333333333333
0.9208333333333333
0.9208333333333333
0.9208333333333333
0.9208333333333333
0.9208333333333333
0.9208333333333333
0.9208333333333333
0.9208333333333333
0.9263888888888889
0.9263888888888889
0.9263888888888889
0.9270833333333334
0.9270833333333334
0.9270833333333334
0.9270833333333334
0.9284722222222223
0.9284722222222223
0.9298611111111111
0.93125
0.9333333333333333
0.9333333333333333
0.9333333333333333
0.9333333333333333
0.9340277777777778
0.9340277777777778
0.9354166666666667
0.9354166666666667
0.9354166666666667
0.9354166666666667
0.9354166666666667
0.9354166666666667
0.9354166666666667
0.9361111111111111
0.9361111111111111
0.9361111111111111
0.9361111111111111
0.9368055555555556
0.9375
0.9375
0.9375
0.9375
0.9381944444444444
0.9381944444444444
0.9381944444444444
0.9381944444444444
0.9395833333333333
0.9402777777777778
0.9402777777777778
0.9402777777777778
0.9402777777777778
0.9402777777777778
0.9409722222222222
0.9423611111111111
0.9430555555555555
0.9430555555555555
0.9430555555555555
0.94375
0.9444444444444444
0.9479166666666666
0.9479166666666666
0.9479166666666666
0.9486111111111111
0.9486111111111111
0.9486111111111111
0.9486111111111111
0.9486111111111111
0.9493055555555555
0.9493055555555555
0.9493055555555555
0.9493055555555555
0.9493055555555555
0.9493055555555555
0.9513888888888888
0.9527777777777777
0.9527777777777777
0.9527777777777777
0.9527777777777777
0.9527777777777777
0.9527777777777777
0.9527777777777777
0.9527777777777777
0.9527777777777777
0.9527777777777777
0.9527777777777777
0.9527777777777777
0.9527777777777777
0.9527777777777777
0.9527777777777777
0.9534722222222223
0.9534722222222223
0.9534722222222223
0.9534722222222223
0.9534722222222223
0.9534722222222223
0.9534722222222223
0.9534722222222223
0.9534722222222223
0.9534722222222223
0.9534722222222223
0.9534722222222223
0.9534722222222223
0.9534722222222223
0.9534722222222223
0.9534722222222223
0.9534722222222223
0.9534722222222223
0.9534722222222223
0.9534722222222223
0.9541666666666667
0.9583333333333334
0.9583333333333334
0.9583333333333334
0.9583333333333334
0.9583333333333334
0.9583333333333334
0.9583333333333334
0.9583333333333334
0.9583333333333334
0.9583333333333334
0.9625
0.9631944444444445
0.9638888888888889
0.9652777777777778
0.9666666666666667
0.9666666666666667
0.9666666666666667
0.9666666666666667
0.9666666666666667
0.9666666666666667
0.9666666666666667
0.9673611111111111
0.9673611111111111
0.9680555555555556
0.96875
0.96875
0.96875
0.96875
0.96875
0.96875
0.96875
0.96875
0.96875
0.9694444444444444
0.9701388888888889
0.9708333333333333
0.9736111111111111
0.9743055555555555
0.9756944444444444
0.9763888888888889
0.9777777777777777
0.9777777777777777
0.9777777777777777
0.9777777777777777
0.9777777777777777
0.9777777777777777
0.9777777777777777
0.9840277777777777
0.9854166666666667
0.9854166666666667
0.9854166666666667
0.9854166666666667
0.9854166666666667
0.9854166666666667
0.9854166666666667
0.9854166666666667
0.9854166666666667
0.9854166666666667
0.9854166666666667
0.9854166666666667
0.9868055555555556
0.9875
0.9875
0.9875
0.9875
0.9875
0.9875
0.9881944444444445
0.9909722222222223
0.9909722222222223
0.9909722222222223
0.9923611111111111
0.9923611111111111
0.9923611111111111
0.9930555555555556
0.9944444444444445
0.9944444444444445
0.9944444444444445
0.9944444444444445
0.9944444444444445
0.9944444444444445
0.9944444444444445
0.9944444444444445
0.9944444444444445
0.9944444444444445
0.9944444444444445
0.9944444444444445
0.9958333333333333
0.9965277777777778
1.0
1.0
1.0
1.0
1.0
1.0013888888888889
1.0013888888888889
1.0013888888888889
1.0013888888888889
1.0013888888888889
1.0034722222222223
1.0069444444444444
1.0069444444444444
1.0069444444444444
1.0083333333333333
1.0118055555555556
1.0118055555555556
1.0118055555555556
1.0118055555555556
1.0118055555555556
1.0118055555555556
1.0118055555555556
1.0118055555555556
1.0118055555555556
1.0138888888888888
1.0138888888888888
1.0138888888888888
1.0138888888888888
1.0145833333333334
1.0152777777777777
1.0152777777777777
1.0152777777777777
1.0152777777777777
1.0152777777777777
1.0166666666666666
1.0166666666666666
1.0173611111111112
1.0180555555555555
1.0194444444444444
1.0222222222222221
1.0222222222222221
1.0222222222222221
1.0222222222222221
1.0222222222222221
1.0222222222222221
1.0222222222222221
1.0222222222222221
1.0222222222222221
1.0222222222222221
1.0222222222222221
1.0222222222222221
1.0222222222222221
1.0222222222222221
1.0222222222222221
1.0222222222222221
1.0222222222222221
1.0222222222222221
1.0222222222222221
1.0222222222222221
1.0222222222222221
1.0222222222222221
1.0222222222222221
1.0222222222222221
1.0222222222222221
1.0222222222222221
1.0222222222222221
1.0222222222222221
1.0222222222222221
1.0222222222222221
1.0222222222222221
1.0222222222222221
1.0222222222222221
1.0222222222222221
1.0222222222222221
1.0222222222222221
1.0222222222222221
1.0222222222222221
1.0222222222222221
1.0222222222222221
1.0222222222222221
1.0222222222222221
1.0222222222222221
1.0222222222222221
1.0222222222222221
1.0222222222222221
1.0222222222222221
1.0222222222222221
1.0222222222222221
1.0222222222222221
1.0222222222222221
1.0222222222222221
1.0222222222222221
1.0222222222222221
1.0222222222222221
1.0222222222222221
1.0222222222222221
1.0222222222222221
1.0222222222222221
1.0222222222222221
1.0222222222222221
1.0222222222222221
1.0222222222222221
1.0222222222222221
1.0222222222222221
1.0222222222222221
1.0222222222222221
1.0222222222222221
1.0243055555555556
1.0243055555555556
1.0243055555555556
1.0243055555555556
1.0243055555555556
1.0243055555555556
1.0243055555555556
1.0243055555555556
1.0243055555555556
1.0243055555555556
1.0243055555555556
1.0243055555555556
1.0243055555555556
1.0243055555555556
1.0243055555555556
1.0243055555555556
1.0243055555555556
1.0243055555555556
1.025
1.025
1.025
1.025
1.025
1.025
1.025
1.025
1.025
1.025
1.025
1.025
1.025
1.025
1.025
1.025
1.025
1.025
1.025
1.025
1.025
1.025
1.025
1.025
1.025
1.025
1.025
1.025
1.025
1.025
1.025
1.025
1.025
1.025
1.025
1.025
1.025
1.025
1.025
1.025
1.025
1.025
1.025
1.025
1.0305555555555554
1.0305555555555554
1.0305555555555554
1.0305555555555554
1.0305555555555554
1.0305555555555554
1.03125
1.0326388888888889
1.0326388888888889
1.0326388888888889
1.0326388888888889
1.0326388888888889
1.0326388888888889
1.0326388888888889
1.0326388888888889
1.0340277777777778
1.0340277777777778
1.0340277777777778
1.0340277777777778
1.0354166666666667
1.0354166666666667
1.0354166666666667
1.0354166666666667
1.0375
1.0375
1.0375
1.0375
1.0375
1.0375
1.0375
1.0375
1.0375
1.0375
1.0375
1.0375
1.0375
1.0375
1.0375
1.0375
1.0381944444444444
1.0381944444444444
1.0381944444444444
1.0381944444444444
1.0381944444444444
1.0381944444444444
1.0381944444444444
1.0381944444444444
1.0395833333333333
1.0395833333333333
1.0395833333333333
1.0395833333333333
1.0395833333333333
1.0395833333333333
1.0395833333333333
1.0395833333333333
1.0395833333333333
1.0395833333333333
1.0395833333333333
1.0395833333333333
1.0395833333333333
1.0395833333333333
1.0395833333333333
1.0395833333333333
1.0395833333333333
1.0395833333333333
1.0395833333333333
1.0395833333333333
1.0395833333333333
1.0395833333333333
1.0395833333333333
1.0395833333333333
1.0395833333333333
1.0395833333333333
1.0395833333333333
1.0395833333333333
1.0402777777777779
1.0402777777777779
1.0402777777777779
1.0402777777777779
1.0402777777777779
1.0402777777777779
1.0402777777777779
1.0402777777777779
1.0402777777777779
1.0402777777777779
1.0402777777777779
1.0402777777777779
1.0402777777777779
1.0402777777777779
1.0402777777777779
1.0402777777777779
1.0409722222222222
1.0409722222222222
1.0409722222222222
1.0409722222222222
1.0416666666666667
1.042361111111111
1.0444444444444445
1.0444444444444445
1.0444444444444445
1.0444444444444445
1.0444444444444445
1.0451388888888888
1.0451388888888888
1.0451388888888888
1.0451388888888888
1.0465277777777777
1.0465277777777777
1.0465277777777777
1.0465277777777777
1.0465277777777777
1.0472222222222223
1.0472222222222223
1.0472222222222223
1.0472222222222223
1.0472222222222223
1.0472222222222223
1.0472222222222223
1.0472222222222223
1.0472222222222223
1.0472222222222223
1.0472222222222223
1.0472222222222223
1.0479166666666666
1.0479166666666666
1.0479166666666666
1.0479166666666666
1.0486111111111112
1.0486111111111112
1.0486111111111112
1.0486111111111112
1.05
1.0527777777777778
1.0534722222222221
1.0541666666666667
1.0555555555555556
1.0555555555555556
1.0569444444444445
1.0569444444444445
1.0569444444444445
1.0576388888888888
1.0576388888888888
1.0576388888888888
1.0576388888888888
1.0576388888888888
1.0583333333333333
1.0583333333333333
1.0583333333333333
1.0583333333333333
1.0611111111111111
1.0625
1.0625
1.0625
1.0625
1.0625
1.0625
1.0625
1.0625
1.0625
1.0625
1.0625
1.0625
1.0625
1.0625
1.0625
1.0625
1.0625
1.0625
1.0625
1.0625
1.0625
1.0625
1.0625
1.0625
1.0625
1.0638888888888889
1.0666666666666667
1.0666666666666667
1.0666666666666667
1.0666666666666667
1.0666666666666667
1.0673611111111112
1.0673611111111112
1.0673611111111112
1.0673611111111112
1.0694444444444444
1.0694444444444444
1.0694444444444444
1.0694444444444444
1.070138888888889
1.070138888888889
1.070138888888889
1.070138888888889
1.070138888888889
1.070138888888889
1.070138888888889
1.070138888888889
1.0715277777777779
1.0715277777777779
1.0715277777777779
1.0715277777777779
1.0722222222222222
1.0722222222222222
1.0722222222222222
1.0722222222222222
1.0722222222222222
1.0729166666666667
1.0743055555555556
1.0743055555555556
1.0743055555555556
1.0743055555555556
1.0756944444444445
1.0770833333333334
1.0770833333333334
1.0770833333333334
1.0770833333333334
1.0770833333333334
1.0777777777777777
1.0777777777777777
1.0777777777777777
1.0777777777777777
1.0798611111111112
1.0798611111111112
1.0798611111111112
1.0798611111111112
1.0798611111111112
1.0805555555555555
1.0805555555555555
1.0805555555555555
1.0805555555555555
1.0819444444444444
1.0819444444444444
1.0819444444444444
1.0819444444444444
1.0819444444444444
1.0819444444444444
1.0819444444444444
1.0819444444444444
1.0819444444444444
1.0819444444444444
1.0819444444444444
1.0819444444444444
1.0819444444444444
1.0819444444444444
1.0819444444444444
1.0819444444444444
1.0819444444444444
1.0819444444444444
1.0819444444444444
1.0819444444444444
1.0819444444444444
1.0819444444444444
1.0819444444444444
1.0819444444444444
1.0819444444444444
1.0819444444444444
1.0819444444444444
1.0819444444444444
1.0819444444444444
1.0819444444444444
1.0819444444444444
1.0819444444444444
1.0819444444444444
1.0819444444444444
1.0819444444444444
1.0847222222222221
1.0868055555555556
1.0881944444444445
1.0881944444444445
1.0881944444444445
1.0881944444444445
1.0881944444444445
1.0881944444444445
1.0895833333333333
1.0895833333333333
1.0902777777777777
1.0916666666666666
1.0944444444444446
1.0951388888888889
1.0965277777777778
1.0972222222222223
1.0972222222222223
1.0972222222222223
1.0972222222222223
1.0986111111111112
1.0986111111111112
1.0986111111111112
1.0986111111111112
1.1
1.1
1.1
1.1
1.1
1.1
1.1
1.1006944444444444
1.1006944444444444
1.1006944444444444
1.1006944444444444
1.101388888888889
1.101388888888889
1.101388888888889
1.101388888888889
1.1027777777777779
1.1055555555555556
1.1083333333333334
1.1111111111111112
1.1111111111111112
1.1111111111111112
1.1111111111111112
1.1111111111111112
1.1111111111111112
1.1125
1.1131944444444444
1.1131944444444444
1.1131944444444444
1.1131944444444444
1.1131944444444444
1.1131944444444444
1.1145833333333333
1.1159722222222221
1.1159722222222221
1.1159722222222221
1.1166666666666667
1.1180555555555556
1.1180555555555556
1.1180555555555556
1.1180555555555556
1.1180555555555556
1.11875
1.11875
1.11875
1.11875
1.1215277777777777
1.1222222222222222
1.1263888888888889
1.1263888888888889
1.1263888888888889
1.1263888888888889
1.1263888888888889
1.1263888888888889
1.1263888888888889
1.1263888888888889
1.1263888888888889
1.1263888888888889
1.1263888888888889
1.1263888888888889
1.1263888888888889
1.1263888888888889
1.1263888888888889
1.1263888888888889
1.1270833333333334
1.1270833333333334
1.1270833333333334
1.1270833333333334
1.1270833333333334
1.1270833333333334
1.1270833333333334
1.1270833333333334
1.1270833333333334
1.1270833333333334
1.1270833333333334
1.1270833333333334
1.1270833333333334
1.1270833333333334
1.1270833333333334
1.1270833333333334
1.1270833333333334
1.1270833333333334
1.1284722222222223
1.1284722222222223
1.1284722222222223
1.1291666666666667
1.1291666666666667
1.1291666666666667
1.1291666666666667
1.1291666666666667
1.1291666666666667
1.1291666666666667
1.1291666666666667
1.1291666666666667
1.1291666666666667
1.1291666666666667
1.1291666666666667
1.1291666666666667
1.1340277777777779
1.1340277777777779
1.1347222222222222
1.1368055555555556
1.1368055555555556
1.1381944444444445
1.1395833333333334
1.1416666666666666
1.1416666666666666
1.1416666666666666
1.1416666666666666
1.1416666666666666
1.1423611111111112
1.1423611111111112
1.1423611111111112
1.1423611111111112
1.1423611111111112
1.1423611111111112
1.14375
1.14375
1.14375
1.14375
1.14375
1.14375
1.14375
1.1444444444444444
1.1444444444444444
1.1444444444444444
1.1444444444444444
1.145138888888889
1.145138888888889
1.148611111111111
1.1493055555555556
1.1506944444444445
1.1513888888888888
1.1513888888888888
1.1513888888888888
1.1520833333333333
1.1527777777777777
1.1534722222222222
1.1534722222222222
1.1541666666666666
1.1541666666666666
1.1541666666666666
1.1541666666666666
1.1583333333333334
1.1583333333333334
1.1583333333333334
1.1583333333333334
1.1611111111111112
1.1611111111111112
1.1611111111111112
1.1611111111111112
1.1625
1.1652777777777779
1.1666666666666667
1.1666666666666667
1.1666666666666667
1.1666666666666667
1.1666666666666667
1.1680555555555556
1.1680555555555556
1.1680555555555556
1.1680555555555556
1.1680555555555556
1.1680555555555556
1.1701388888888888
1.1701388888888888
1.1701388888888888
1.1708333333333334
1.1708333333333334
1.1715277777777777
1.1736111111111112
1.1756944444444444
1.176388888888889
1.1784722222222221
1.179861111111111
1.179861111111111
1.179861111111111
1.179861111111111
1.18125
1.18125
1.18125
1.1819444444444445
1.1840277777777777
1.1847222222222222
1.1854166666666666
1.1861111111111111
1.1861111111111111
1.1861111111111111
1.1861111111111111
1.1861111111111111
1.1861111111111111
1.1861111111111111
1.1875
1.1888888888888889
1.1888888888888889
1.1888888888888889
1.1888888888888889
1.1888888888888889
1.1888888888888889
1.1888888888888889
1.1923611111111112
1.1944444444444444
1.1944444444444444
1.1944444444444444
1.1944444444444444
1.195138888888889
1.198611111111111
1.198611111111111
1.198611111111111
1.198611111111111
1.2013888888888888
1.2041666666666666
1.2041666666666666
1.2041666666666666
1.2041666666666666
1.2041666666666666
1.2048611111111112
1.2069444444444444
1.2069444444444444
1.2069444444444444
1.2069444444444444
1.2152777777777777
1.2152777777777777
1.2152777777777777
1.2152777777777777
1.2152777777777777
1.2173611111111111
1.2173611111111111
1.21875
1.2201388888888889
1.2201388888888889
1.2208333333333334
1.2222222222222223
1.2222222222222223
1.2222222222222223
1.2222222222222223
1.2222222222222223
1.2222222222222223
1.2222222222222223
1.2222222222222223
1.2229166666666667
1.2256944444444444
1.226388888888889
1.2277777777777779
1.2277777777777779
1.2277777777777779
1.23125
1.23125
1.23125
1.23125
1.23125
1.23125
1.23125
1.23125
1.23125
1.2333333333333334
1.2458333333333333
1.2465277777777777
1.2465277777777777
1.2465277777777777
1.2486111111111111
1.2527777777777778
1.2527777777777778
1.2527777777777778
1.257638888888889
1.2583333333333333
1.2618055555555556
1.2625
1.2652777777777777
1.2722222222222221
1.2743055555555556
1.2840277777777778
1.2895833333333333
1.2916666666666667
1.2916666666666667
1.2930555555555556
1.2986111111111112
1.2993055555555555
1.3027777777777778
1.3083333333333333
1.3111111111111111
1.3263888888888888
1.3527777777777779
1.3569444444444445
1.3583333333333334
1.3583333333333334
1.3583333333333334
1.3583333333333334
1.3590277777777777
1.3979166666666667
1.3979166666666667
1.3979166666666667
1.3979166666666667
1.4020833333333333
1.4048611111111111
1.413888888888889
1.4145833333333333
1.4277777777777778
1.4291666666666667
1.4291666666666667
1.5451388888888888
1.5451388888888888
1.59375
1.6493055555555556
1.6493055555555556
1.6493055555555556
1.6493055555555556
1.6493055555555556
1.6520833333333333
1.6583333333333334
1.6631944444444444
1.6631944444444444
1.6631944444444444
1.663888888888889
1.663888888888889
1.663888888888889
1.6805555555555556
1.6958333333333333
1.6979166666666667
1.7145833333333333
1.7145833333333333
1.7145833333333333
1.7145833333333333
1.7152777777777777
1.7229166666666667
1.7430555555555556
1.7430555555555556
1.7430555555555556
1.7430555555555556
1.7430555555555556
1.7430555555555556
1.7430555555555556
1.7430555555555556
1.7430555555555556
1.7430555555555556
1.74375
1.7444444444444445
1.7444444444444445
1.7458333333333333
1.7458333333333333
1.7458333333333333
1.7458333333333333
1.7458333333333333
1.7458333333333333
1.7458333333333333
1.7458333333333333
1.7486111111111111
1.75
1.7506944444444446
1.7506944444444446
1.7506944444444446
1.7527777777777778
1.7527777777777778
1.7534722222222223
1.7534722222222223
1.7541666666666667
1.75625
1.75625
1.75625
1.75625
1.7625
1.7625
1.7625
1.7625
1.7625
1.7673611111111112
1.7673611111111112
1.7673611111111112
1.7680555555555555
1.7694444444444444
1.7694444444444444
1.7694444444444444
1.7694444444444444
1.7770833333333333
1.7805555555555554
1.7805555555555554
1.7805555555555554
1.7805555555555554
1.7847222222222223
1.8
1.8
1.8
1.8
1.8
1.8
1.8006944444444444
1.8006944444444444
1.8006944444444444
1.8006944444444444
1.8006944444444444
1.8006944444444444
1.8069444444444445
1.8069444444444445
1.8069444444444445
1.8069444444444445
1.8069444444444445
1.8069444444444445
1.81875
1.81875
1.81875
1.81875
1.8194444444444444
1.8208333333333333
1.8208333333333333
1.8208333333333333
1.8208333333333333
1.8208333333333333
1.8208333333333333
1.8208333333333333
1.8215277777777779
1.8229166666666667
1.8229166666666667
1.8229166666666667
1.8229166666666667
1.8229166666666667
1.8229166666666667
1.8229166666666667
1.8229166666666667
1.8229166666666667
1.8229166666666667
1.823611111111111
1.823611111111111
1.823611111111111
1.8270833333333334
1.8270833333333334
1.8270833333333334
1.8270833333333334
1.8270833333333334
1.8270833333333334
1.8284722222222223
1.8284722222222223
1.832638888888889
1.8409722222222222
1.8409722222222222
1.8423611111111111
1.8423611111111111
1.8423611111111111
1.8472222222222223
1.8472222222222223
1.8472222222222223
1.8472222222222223
1.8472222222222223
1.8472222222222223
1.8472222222222223
1.8472222222222223
1.8472222222222223
1.8472222222222223
1.8472222222222223
1.8479166666666667
1.8486111111111112
1.8486111111111112
1.8486111111111112
1.8486111111111112
1.8486111111111112
1.8486111111111112
1.8486111111111112
1.8486111111111112
1.8486111111111112
1.8486111111111112
1.85
1.85
1.85
1.85
1.85
1.85
1.85
1.85
1.8527777777777779
1.8527777777777779
1.8527777777777779
1.8527777777777779
1.8541666666666667
1.8541666666666667
1.8541666666666667
1.8541666666666667
1.8541666666666667
1.854861111111111
1.854861111111111
1.854861111111111
1.854861111111111
1.854861111111111
1.854861111111111
1.854861111111111
1.854861111111111
1.854861111111111
1.854861111111111
1.854861111111111
1.854861111111111
1.854861111111111
1.854861111111111
1.854861111111111
1.854861111111111
1.854861111111111
1.854861111111111
1.8555555555555556
1.8576388888888888
1.8576388888888888
1.8576388888888888
1.8576388888888888
1.8576388888888888
1.8576388888888888
1.8576388888888888
1.8576388888888888
1.8583333333333334
1.8583333333333334
1.8583333333333334
1.8583333333333334
1.8583333333333334
1.8583333333333334
1.8590277777777777
1.8590277777777777
1.8590277777777777
1.8590277777777777
1.8590277777777777
1.8604166666666666
1.8604166666666666
1.8604166666666666
1.8604166666666666
1.8604166666666666
1.8604166666666666
1.8604166666666666
1.8604166666666666
1.8604166666666666
1.8604166666666666
1.8631944444444444
1.8631944444444444
1.8631944444444444
1.8631944444444444
1.863888888888889
1.863888888888889
1.863888888888889
1.863888888888889
1.863888888888889
1.863888888888889
1.863888888888889
1.863888888888889
1.863888888888889
1.863888888888889
1.863888888888889
1.8666666666666667
1.8708333333333333
1.8708333333333333
1.8708333333333333
1.8708333333333333
1.8715277777777777
1.8715277777777777
1.8715277777777777
1.8715277777777777
1.8715277777777777
1.8715277777777777
1.8715277777777777
1.8715277777777777
1.8715277777777777
1.8715277777777777
1.8715277777777777
1.8722222222222222
1.8736111111111111
1.8736111111111111
1.8736111111111111
1.8736111111111111
1.8736111111111111
1.8756944444444446
1.88125
1.88125
1.88125
1.8854166666666667
1.8854166666666667
1.8958333333333333
1.8958333333333333
1.8965277777777778
1.8965277777777778
1.8979166666666667
1.898611111111111
1.898611111111111
1.898611111111111
1.9041666666666666
1.9041666666666666
1.9041666666666666
1.9041666666666666
1.9041666666666666
1.9048611111111111
1.9048611111111111
1.9048611111111111
1.9048611111111111
1.9048611111111111
1.9048611111111111
1.9048611111111111
1.9048611111111111
1.9048611111111111
1.9048611111111111
1.9048611111111111
1.9048611111111111
1.9048611111111111
1.9048611111111111
1.9048611111111111
1.9048611111111111
1.9048611111111111
1.9048611111111111
1.9048611111111111
1.9048611111111111
1.9048611111111111
1.9048611111111111
1.9048611111111111
1.9048611111111111
1.90625
1.90625
1.90625
1.9069444444444446
1.9076388888888889
1.9076388888888889
1.9076388888888889
1.9076388888888889
1.9076388888888889
1.9076388888888889
1.9076388888888889
1.9076388888888889
1.9076388888888889
1.9076388888888889
1.9076388888888889
1.9076388888888889
1.9111111111111112
1.9111111111111112
1.9118055555555555
1.9118055555555555
1.9118055555555555
1.9118055555555555
1.9118055555555555
1.9118055555555555
1.9118055555555555
1.9118055555555555
1.9118055555555555
1.9118055555555555
1.9222222222222223
1.925
1.925
1.925
1.925
1.925
1.925
1.925
1.9256944444444444
1.9270833333333333
1.9270833333333333
1.9270833333333333
1.9270833333333333
1.9270833333333333
1.9277777777777778
1.929861111111111
1.929861111111111
1.93125
1.9347222222222222
1.9361111111111111
1.9368055555555554
1.9368055555555554
1.9368055555555554
1.9368055555555554
1.9465277777777779
1.9493055555555556
1.9493055555555556
1.9493055555555556
1.9493055555555556
1.9506944444444445
1.9506944444444445
1.9513888888888888
1.9513888888888888
1.9513888888888888
1.9527777777777777
1.9527777777777777
1.9527777777777777
1.9527777777777777
1.9527777777777777
1.9527777777777777
1.9527777777777777
1.9527777777777777
1.9527777777777777
1.9527777777777777
1.9569444444444444
1.9583333333333333
1.9583333333333333
1.9583333333333333
1.9583333333333333
1.9583333333333333
1.9590277777777778
1.9590277777777778
1.9590277777777778
1.9597222222222221
1.9597222222222221
1.9597222222222221
1.9597222222222221
1.9618055555555556
1.9618055555555556
1.9625
1.9631944444444445
1.9631944444444445
1.9631944444444445
1.9631944444444445
1.9631944444444445
1.9631944444444445
1.9631944444444445
1.9631944444444445
1.9631944444444445
1.9631944444444445
1.9631944444444445
1.9631944444444445
1.9631944444444445
1.9631944444444445
1.9631944444444445
1.9631944444444445
1.9631944444444445
1.9631944444444445
1.9631944444444445
1.9631944444444445
1.9631944444444445
1.9631944444444445
1.9631944444444445
1.9631944444444445
1.9631944444444445
1.9645833333333333
1.9645833333333333
1.9645833333333333
1.9645833333333333
1.9645833333333333
1.9645833333333333
1.9645833333333333
1.9645833333333333
1.9645833333333333
1.9645833333333333
1.9645833333333333
1.9645833333333333
1.9645833333333333
1.9645833333333333
1.9645833333333333
1.9645833333333333
1.9645833333333333
1.9645833333333333
1.9645833333333333
1.9645833333333333
1.9645833333333333
1.9645833333333333
1.9645833333333333
1.9645833333333333
1.9645833333333333
1.9645833333333333
1.9645833333333333
1.9645833333333333
1.9645833333333333
1.9645833333333333
1.9645833333333333
1.9645833333333333
1.9645833333333333
1.9645833333333333
1.9645833333333333
1.9645833333333333
1.9645833333333333
1.9645833333333333
1.9645833333333333
1.9645833333333333
1.9645833333333333
1.9645833333333333
1.9645833333333333
1.9645833333333333
1.9645833333333333
1.9673611111111111
1.9673611111111111
1.9673611111111111
1.9673611111111111
1.9673611111111111
1.9673611111111111
1.9673611111111111
1.9673611111111111
1.9673611111111111
1.9673611111111111
1.9673611111111111
1.9673611111111111
1.9673611111111111
1.9673611111111111
1.9673611111111111
1.9673611111111111
1.9673611111111111
1.9673611111111111
1.9673611111111111
1.9673611111111111
1.9680555555555554
1.9680555555555554
1.9680555555555554
1.9680555555555554
1.9680555555555554
1.9680555555555554
1.9680555555555554
1.9680555555555554
1.9680555555555554
1.9680555555555554
1.9680555555555554
1.9680555555555554
1.9680555555555554
1.9680555555555554
1.9680555555555554
1.9680555555555554
1.9680555555555554
1.9680555555555554
1.9680555555555554
1.9680555555555554
1.9680555555555554
1.9680555555555554
1.9680555555555554
1.9680555555555554
1.9680555555555554
1.9680555555555554
1.9680555555555554
1.9680555555555554
1.9680555555555554
1.9680555555555554
1.9680555555555554
1.9680555555555554
1.9680555555555554
1.9680555555555554
1.9680555555555554
1.9680555555555554
1.9680555555555554
1.9680555555555554
1.9680555555555554
1.9680555555555554
1.9680555555555554
1.9680555555555554
1.9680555555555554
1.9680555555555554
1.9680555555555554
1.9680555555555554
1.9680555555555554
1.9680555555555554
1.9680555555555554
1.9680555555555554
1.9680555555555554
1.9680555555555554
1.9680555555555554
1.9680555555555554
1.9680555555555554
1.9722222222222223
1.975
1.975
1.975
1.975
1.9756944444444444
1.9756944444444444
1.9756944444444444
1.976388888888889
1.9791666666666667
1.9805555555555556
1.9805555555555556
1.9805555555555556
1.9805555555555556
1.9805555555555556
1.9805555555555556
1.9805555555555556
1.9805555555555556
1.9805555555555556
1.9805555555555556
1.9805555555555556
1.9805555555555556
1.9805555555555556
1.9805555555555556
1.9805555555555556
1.9805555555555556
1.9805555555555556
1.9805555555555556
1.9805555555555556
1.9805555555555556
1.9805555555555556
1.9805555555555556
1.9805555555555556
1.9805555555555556
1.9805555555555556
1.9805555555555556
1.9805555555555556
1.9805555555555556
1.9833333333333334
1.9833333333333334
1.9833333333333334
1.9833333333333334
1.9833333333333334
1.9833333333333334
1.9833333333333334
1.9833333333333334
1.9833333333333334
1.9833333333333334
1.9833333333333334
1.9833333333333334
1.9833333333333334
1.9833333333333334
1.9833333333333334
1.9833333333333334
1.9833333333333334
1.9833333333333334
1.9833333333333334
1.9833333333333334
1.9833333333333334
1.9833333333333334
1.9895833333333333
1.9909722222222221
1.9909722222222221
1.9909722222222221
1.9909722222222221
1.992361111111111
1.992361111111111
1.99375
1.99375
1.9958333333333333
1.9958333333333333
1.9958333333333333
1.9958333333333333
1.9958333333333333
1.9958333333333333
1.9958333333333333
1.9958333333333333
1.9965277777777777
1.9965277777777777
1.9965277777777777
1.9965277777777777
1.9979166666666666
1.9979166666666666
1.9979166666666666
1.9979166666666666
1.9979166666666666
1.9979166666666666
1.9979166666666666
1.9979166666666666
1.9979166666666666
1.9979166666666666
1.9979166666666666
1.9979166666666666
1.9979166666666666
1.9979166666666666
1.9986111111111111
1.9986111111111111
1.9986111111111111
1.9986111111111111
1.9986111111111111
1.9986111111111111
1.9986111111111111
1.9986111111111111
1.9993055555555554
1.9993055555555554
2.0
2.0006944444444446
2.0006944444444446
2.0027777777777778
2.0027777777777778
2.0027777777777778
2.0034722222222223
2.0034722222222223
2.004166666666667
2.004861111111111
2.004861111111111
2.0055555555555555
2.0055555555555555
2.0055555555555555
2.0055555555555555
2.0055555555555555
2.0055555555555555
2.00625
2.00625
2.0069444444444446
2.0069444444444446
2.0069444444444446
2.0083333333333333
2.009027777777778
2.009027777777778
2.009027777777778
2.009027777777778
2.009027777777778
2.009027777777778
2.011111111111111
2.0118055555555556
2.0118055555555556
2.0118055555555556
2.0118055555555556
2.0118055555555556
2.0118055555555556
2.0118055555555556
2.0118055555555556
2.0118055555555556
2.0118055555555556
2.0118055555555556
2.0118055555555556
2.0118055555555556
2.0118055555555556
2.0118055555555556
2.0118055555555556
2.0118055555555556
2.0118055555555556
2.0118055555555556
2.0118055555555556
2.0118055555555556
2.0118055555555556
2.0118055555555556
2.0118055555555556
2.0118055555555556
2.0118055555555556
2.0118055555555556
2.0118055555555556
2.0118055555555556
2.0118055555555556
2.0118055555555556
2.0118055555555556
2.0118055555555556
2.0118055555555556
2.0118055555555556
2.0118055555555556
2.0118055555555556
2.0118055555555556
2.0118055555555556
2.0118055555555556
2.0118055555555556
2.0118055555555556
2.0118055555555556
2.0118055555555556
2.0118055555555556
2.0118055555555556
2.0118055555555556
2.0118055555555556
2.0118055555555556
2.0118055555555556
2.0118055555555556
2.0118055555555556
2.0118055555555556
2.0118055555555556
2.0118055555555556
2.0118055555555556
2.0118055555555556
2.0118055555555556
2.0118055555555556
2.0118055555555556
2.0118055555555556
2.0118055555555556
2.0118055555555556
2.0118055555555556
2.0118055555555556
2.0118055555555556
2.0118055555555556
2.0118055555555556
2.0118055555555556
2.0118055555555556
2.0118055555555556
2.0118055555555556
2.0118055555555556
2.0118055555555556
2.0118055555555556
2.0118055555555556
2.015277777777778
2.015277777777778
2.015277777777778
2.015277777777778
2.015972222222222
2.015972222222222
2.015972222222222
2.015972222222222
2.015972222222222
2.0166666666666666
2.0166666666666666
2.0208333333333335
2.0208333333333335
2.0208333333333335
2.0208333333333335
2.0208333333333335
2.025
2.0256944444444445
2.0256944444444445
2.0277777777777777
2.0277777777777777
2.029861111111111
2.029861111111111
2.0305555555555554
2.03125
2.032638888888889
2.032638888888889
2.0340277777777778
2.036111111111111
2.036111111111111
2.0381944444444446
2.0388888888888888
2.040277777777778
2.040277777777778
2.040277777777778
2.040277777777778
2.040277777777778
2.040277777777778
2.040277777777778
2.040277777777778
2.040277777777778
2.040277777777778
2.040277777777778
2.0409722222222224
2.046527777777778
2.0479166666666666
2.0479166666666666
2.05
2.053472222222222
2.053472222222222
2.053472222222222
2.053472222222222
2.053472222222222
2.053472222222222
2.053472222222222
2.053472222222222
2.053472222222222
2.0548611111111112
2.0548611111111112
2.0555555555555554
2.0555555555555554
2.0569444444444445
2.0569444444444445
2.0569444444444445
2.0569444444444445
2.0569444444444445
2.0569444444444445
2.0569444444444445
2.0569444444444445
2.0590277777777777
2.0590277777777777
2.0618055555555554
2.063888888888889
2.063888888888889
2.063888888888889
2.063888888888889
2.063888888888889
2.063888888888889
2.063888888888889
2.067361111111111
2.067361111111111
2.067361111111111
2.067361111111111
2.067361111111111
2.06875
2.06875
2.06875
2.06875
2.06875
2.06875
2.06875
2.06875
2.06875
2.071527777777778
2.071527777777778
2.071527777777778
2.071527777777778
2.0722222222222224
2.0722222222222224
2.0722222222222224
2.0722222222222224
2.0722222222222224
2.0722222222222224
2.0722222222222224
2.0722222222222224
2.0722222222222224
2.0722222222222224
2.0722222222222224
2.076388888888889
2.076388888888889
2.0770833333333334
2.0770833333333334
2.0770833333333334
2.0833333333333335
2.0833333333333335
2.0833333333333335
2.084722222222222
2.084722222222222
2.084722222222222
2.084722222222222
2.084722222222222
2.084722222222222
2.084722222222222
2.084722222222222
2.084722222222222
2.084722222222222
2.084722222222222
2.084722222222222
2.084722222222222
2.084722222222222
2.084722222222222
2.084722222222222
2.0868055555555554
2.0868055555555554
2.0868055555555554
2.0875
2.0875
2.0875
2.0875
2.0875
2.0875
2.0875
2.0875
2.0875
2.0875
2.0875
2.0909722222222222
2.0909722222222222
2.0909722222222222
2.0909722222222222
2.092361111111111
2.0930555555555554
2.095138888888889
2.095138888888889
2.0965277777777778
2.097916666666667
2.1
2.1
2.1
2.1
2.1006944444444446
2.1006944444444446
2.1020833333333333
2.1020833333333333
2.1020833333333333
2.1020833333333333
2.1020833333333333
2.1020833333333333
2.1020833333333333
2.1020833333333333
2.102777777777778
2.102777777777778
2.102777777777778
2.102777777777778
2.1034722222222224
2.1069444444444443
2.107638888888889
2.1083333333333334
2.1083333333333334
2.1083333333333334
2.1083333333333334
2.1083333333333334
2.109027777777778
2.109722222222222
2.109722222222222
2.109722222222222
2.109722222222222
2.109722222222222
2.109722222222222
2.1104166666666666
2.111111111111111
2.111111111111111
2.111111111111111
2.111111111111111
2.1125
2.1125
2.1152777777777776
2.115972222222222
2.115972222222222
2.115972222222222
2.115972222222222
2.115972222222222
2.115972222222222
2.115972222222222
2.115972222222222
2.115972222222222
2.115972222222222
2.115972222222222
2.115972222222222
2.115972222222222
2.115972222222222
2.115972222222222
2.115972222222222
2.115972222222222
2.115972222222222
2.115972222222222
2.115972222222222
2.115972222222222
2.1166666666666667
2.1166666666666667
2.1173611111111112
2.1194444444444445
2.120833333333333
2.122916666666667
2.125
2.125
2.125
2.125
2.125
2.129166666666667
2.129861111111111
2.1319444444444446
2.134027777777778
2.1347222222222224
2.1368055555555556
2.1381944444444443
2.1381944444444443
2.1381944444444443
2.1381944444444443
2.1381944444444443
2.1381944444444443
2.1381944444444443
2.1381944444444443
2.140277777777778
2.142361111111111
2.142361111111111
2.1430555555555557
2.1430555555555557
2.1430555555555557
2.1444444444444444
2.1444444444444444
2.1444444444444444
2.1444444444444444
2.1444444444444444
2.1444444444444444
2.1444444444444444
2.1444444444444444
2.15
2.15
2.1506944444444445
2.1527777777777777
2.1527777777777777
2.154861111111111
2.1569444444444446
2.1569444444444446
2.157638888888889
2.157638888888889
2.1597222222222223
2.1597222222222223
2.1625
2.1625
2.1631944444444446
2.1631944444444446
2.165277777777778
2.165277777777778
2.1659722222222224
2.1659722222222224
2.1659722222222224
2.1659722222222224
2.1659722222222224
2.1680555555555556
2.1756944444444444
2.1805555555555554
2.18125
2.1819444444444445
2.1875
2.188888888888889
2.196527777777778
2.196527777777778
2.196527777777778
2.20625
2.20625
2.20625
2.209722222222222
2.209722222222222
2.2125
2.216666666666667
2.2194444444444446
2.2194444444444446
2.2194444444444446
2.2194444444444446
2.220833333333333
2.2215277777777778
2.2215277777777778
2.2215277777777778
2.2215277777777778
2.2215277777777778
2.223611111111111
2.223611111111111
2.2270833333333333
2.2270833333333333
2.2270833333333333
2.2270833333333333
2.2270833333333333
2.2305555555555556
2.2423611111111112
2.2423611111111112
2.2569444444444446
2.261111111111111
2.2666666666666666
2.2694444444444444
2.270138888888889
2.2847222222222223
2.2930555555555556
2.2930555555555556
2.2930555555555556
2.3006944444444444
2.310416666666667
2.323611111111111
2.3256944444444443
2.33125
2.341666666666667
2.345138888888889
2.3631944444444444
2.3631944444444444
2.3645833333333335
2.373611111111111
2.373611111111111
2.373611111111111
2.377083333333333
2.377083333333333
2.377083333333333
2.377083333333333
2.377083333333333
2.377083333333333
2.377083333333333
2.377083333333333
2.377083333333333
2.379166666666667
2.390972222222222
2.392361111111111
2.392361111111111
2.4034722222222222
2.41875
2.41875
2.498611111111111
2.607638888888889
2.7118055555555554
2.714583333333333
2.714583333333333
2.720833333333333
2.7583333333333333
2.7666666666666666
2.785416666666667
2.790277777777778
2.8069444444444445
2.8069444444444445
2.8097222222222222
2.811111111111111
2.8131944444444446
2.8131944444444446
2.8131944444444446
2.81875
2.81875
2.825
2.829861111111111
2.8375
2.8375
2.84375
2.8625
2.8625
2.8631944444444444
2.8631944444444444
2.8631944444444444
2.8631944444444444
2.8631944444444444
2.8631944444444444
2.8631944444444444
2.8694444444444445
2.870833333333333
2.870833333333333
2.870833333333333
2.870833333333333
2.8715277777777777
2.8777777777777778
2.8847222222222224
2.8895833333333334
2.8944444444444444
2.8944444444444444
2.8944444444444444
2.8944444444444444
2.8944444444444444
2.8944444444444444
2.895138888888889
2.895138888888889
2.911111111111111
2.911111111111111
2.9138888888888888
2.9138888888888888
2.9138888888888888
2.9138888888888888
2.915277777777778
2.915277777777778
2.917361111111111
2.917361111111111
2.917361111111111
2.920138888888889
2.9208333333333334
2.921527777777778
2.921527777777778
2.921527777777778
2.921527777777778
2.921527777777778
2.9229166666666666
2.9229166666666666
2.9229166666666666
2.9229166666666666
2.9229166666666666
2.9229166666666666
2.9229166666666666
2.9229166666666666
2.9229166666666666
2.9229166666666666
2.9229166666666666
2.925
2.925
2.9256944444444444
2.9256944444444444
2.9256944444444444
2.9256944444444444
2.926388888888889
2.926388888888889
2.926388888888889
2.926388888888889
2.926388888888889
2.926388888888889
2.926388888888889
2.926388888888889
2.926388888888889
2.926388888888889
2.926388888888889
2.9340277777777777
2.9409722222222223
2.9409722222222223
2.941666666666667
2.941666666666667
2.941666666666667
2.941666666666667
2.941666666666667
2.941666666666667
2.941666666666667
2.941666666666667
2.964583333333333
2.964583333333333
2.966666666666667
2.966666666666667
2.967361111111111
2.967361111111111
2.967361111111111
2.967361111111111
2.967361111111111
2.967361111111111
2.967361111111111
2.967361111111111
2.967361111111111
2.967361111111111
2.967361111111111
2.967361111111111
2.967361111111111
2.967361111111111
2.967361111111111
2.973611111111111
2.973611111111111
2.973611111111111
2.973611111111111
2.975
2.9756944444444446
2.9756944444444446
2.9756944444444446
2.9756944444444446
2.9819444444444443
2.9819444444444443
2.9819444444444443
2.9819444444444443
2.9819444444444443
2.9819444444444443
2.988888888888889
2.988888888888889
2.988888888888889
2.988888888888889
2.988888888888889
2.988888888888889
2.9923611111111112
2.9923611111111112
2.9930555555555554
2.9930555555555554
2.9930555555555554
2.9930555555555554
2.9930555555555554
2.9930555555555554
2.9930555555555554
2.9930555555555554
2.9930555555555554
2.9930555555555554
2.99375
2.995833333333333
2.995833333333333
2.995833333333333
2.995833333333333
2.995833333333333
2.995833333333333
2.995833333333333
2.995833333333333
2.9972222222222222
2.998611111111111
2.998611111111111
2.998611111111111
2.9993055555555554
3.0097222222222224
3.0118055555555556
3.0118055555555556
3.0118055555555556
3.0180555555555557
3.0194444444444444
3.0194444444444444
3.0194444444444444
3.0215277777777776
3.0256944444444445
3.0256944444444445
3.0256944444444445
3.0256944444444445
3.0256944444444445
3.027083333333333
3.027083333333333
3.027083333333333
3.027083333333333
3.027083333333333
3.027083333333333
3.027083333333333
3.027083333333333
3.027083333333333
3.027083333333333
3.027083333333333
3.027083333333333
3.027083333333333
3.027083333333333
3.029166666666667
3.029166666666667
3.029166666666667
3.029166666666667
3.029166666666667
3.029166666666667
3.029861111111111
3.029861111111111
3.029861111111111
3.029861111111111
3.0305555555555554
3.0305555555555554
3.0305555555555554
3.0305555555555554
3.0305555555555554
3.0305555555555554
3.0305555555555554
3.0305555555555554
3.0305555555555554
3.0305555555555554
3.0305555555555554
3.032638888888889
3.036111111111111
3.0416666666666665
3.0416666666666665
3.04375
3.045138888888889
3.045138888888889
3.045138888888889
3.045138888888889
3.045138888888889
3.0458333333333334
3.0458333333333334
3.0520833333333335
3.0520833333333335
3.0520833333333335
3.060416666666667
3.066666666666667
3.066666666666667
3.0680555555555555
3.06875
3.06875
3.06875
3.06875
3.06875
3.071527777777778
3.0743055555555556
3.0743055555555556
3.0743055555555556
3.0743055555555556
3.0743055555555556
3.0743055555555556
3.0743055555555556
3.0743055555555556
3.0743055555555556
3.0743055555555556
3.0743055555555556
3.0743055555555556
3.0756944444444443
3.077777777777778
3.078472222222222
3.0791666666666666
3.079861111111111
3.079861111111111
3.079861111111111
3.079861111111111
3.079861111111111
3.079861111111111
3.079861111111111
3.0861111111111112
3.0930555555555554
3.09375
3.0965277777777778
3.0965277777777778
3.0965277777777778
3.097916666666667
3.102777777777778
3.107638888888889
3.1131944444444444
3.113888888888889
3.113888888888889
3.113888888888889
3.113888888888889
3.113888888888889
3.113888888888889
3.1152777777777776
3.115972222222222
3.115972222222222
3.1166666666666667
3.1180555555555554
3.1215277777777777
3.1243055555555554
3.1243055555555554
3.126388888888889
3.13125
3.1333333333333333
3.1333333333333333
3.1333333333333333
3.1333333333333333
3.1333333333333333
3.1354166666666665
3.1354166666666665
3.1368055555555556
3.1368055555555556
3.1368055555555556
3.1368055555555556
3.1381944444444443
3.138888888888889
3.1416666666666666
3.1458333333333335
3.1458333333333335
3.1458333333333335
3.1493055555555554
3.154861111111111
3.154861111111111
3.1569444444444446
3.157638888888889
3.1645833333333333
3.1645833333333333
3.165277777777778
3.1708333333333334
3.1708333333333334
3.1729166666666666
3.1770833333333335
3.1777777777777776
3.1777777777777776
3.1798611111111112
3.1798611111111112
3.1798611111111112
3.1798611111111112
3.1798611111111112
3.1798611111111112
3.1798611111111112
3.182638888888889
3.182638888888889
3.182638888888889
3.182638888888889
3.1840277777777777
3.185416666666667
3.19375
3.19375
3.1958333333333333
3.2006944444444443
3.2006944444444443
3.209722222222222
3.217361111111111
3.217361111111111
3.217361111111111
3.217361111111111
3.217361111111111
3.217361111111111
3.2180555555555554
3.2194444444444446
3.2194444444444446
3.2194444444444446
3.2194444444444446
3.2194444444444446
3.2194444444444446
3.2222222222222223
3.2284722222222224
3.2305555555555556
3.2305555555555556
3.232638888888889
3.232638888888889
3.232638888888889
3.2368055555555557
3.2375
3.238888888888889
3.240972222222222
3.2444444444444445
3.2444444444444445
3.2506944444444446
3.259027777777778
3.259027777777778
3.26875
3.26875
3.2694444444444444
3.2694444444444444
3.2694444444444444
3.2694444444444444
3.2694444444444444
3.2694444444444444
3.2819444444444446
3.2840277777777778
3.2840277777777778
3.2868055555555555
3.2895833333333333
3.296527777777778
3.308333333333333
3.321527777777778
3.323611111111111
3.3270833333333334
3.348611111111111
3.348611111111111
3.348611111111111
3.348611111111111
3.348611111111111
3.373611111111111
3.376388888888889
3.4125
3.4305555555555554
3.452777777777778
3.747916666666667
3.7666666666666666
3.767361111111111
3.78125
3.7840277777777778
3.8041666666666667
3.8055555555555554
3.8090277777777777
3.8118055555555554
3.8229166666666665
3.8256944444444443
3.826388888888889
3.8291666666666666
3.8291666666666666
3.8291666666666666
3.8291666666666666
3.8520833333333333
3.8520833333333333
3.8520833333333333
3.8520833333333333
3.852777777777778
3.870833333333333
3.870833333333333
3.870833333333333
3.870833333333333
3.8715277777777777
3.8715277777777777
3.8715277777777777
3.8715277777777777
3.8722222222222222
3.8722222222222222
3.8854166666666665
3.8854166666666665
3.8854166666666665
3.8881944444444443
3.8881944444444443
3.8881944444444443
3.8881944444444443
3.9
3.9
3.9
3.9
3.908333333333333
3.908333333333333
3.908333333333333
3.908333333333333
3.9097222222222223
3.9097222222222223
3.9097222222222223
3.9097222222222223
3.9131944444444446
3.9131944444444446
3.9131944444444446
3.9131944444444446
3.9159722222222224
3.9159722222222224
3.9159722222222224
3.9159722222222224
3.9243055555555557
3.9256944444444444
3.9256944444444444
3.9270833333333335
3.9270833333333335
3.9270833333333335
3.9270833333333335
3.9298611111111112
3.9298611111111112
3.9298611111111112
3.9298611111111112
3.9305555555555554
3.9305555555555554
3.9305555555555554
3.9305555555555554
3.9319444444444445
3.933333333333333
3.933333333333333
3.933333333333333
3.933333333333333
3.933333333333333
3.9381944444444446
3.9402777777777778
3.9472222222222224
3.95625
3.9569444444444444
3.975
3.9756944444444446
3.9763888888888888
3.9763888888888888
3.9854166666666666
3.9875
3.9895833333333335
3.9923611111111112
4.003472222222222
4.004166666666666
4.004166666666666
4.0125
4.013888888888889
4.017361111111111
4.020138888888889
4.027083333333334
4.028472222222222
4.028472222222222
4.028472222222222
4.028472222222222
4.029861111111111
4.029861111111111
4.03125
4.034027777777778
4.034722222222222
4.036111111111111
4.036111111111111
4.0375
4.042361111111111
4.042361111111111
4.042361111111111
4.042361111111111
4.04375
4.04375
4.044444444444444
4.051388888888889
4.0569444444444445
4.0569444444444445
4.065972222222222
4.066666666666666
4.079861111111111
4.089583333333334
4.091666666666667
4.091666666666667
4.095138888888889
4.107638888888889
4.13125
4.132638888888889
4.1409722222222225
4.1409722222222225
4.142361111111111
4.146527777777778
4.147916666666666
4.147916666666666
4.147916666666666
4.147916666666666
4.147916666666666
4.147916666666666
4.147916666666666
4.147916666666666
4.147916666666666
4.147916666666666
4.147916666666666
4.147916666666666
4.1715277777777775
4.1715277777777775
4.1715277777777775
4.1715277777777775
4.1715277777777775
4.172916666666667
4.172916666666667
4.172916666666667
4.172916666666667
4.172916666666667
4.172916666666667
4.172916666666667
4.172916666666667
4.172916666666667
4.175694444444445
4.175694444444445
4.175694444444445
4.175694444444445
4.175694444444445
4.176388888888889
4.176388888888889
4.176388888888889
4.176388888888889
4.176388888888889
4.176388888888889
4.176388888888889
4.176388888888889
4.176388888888889
4.176388888888889
4.176388888888889
4.176388888888889
4.195833333333334
4.195833333333334
4.199305555555555
4.199305555555555
4.219444444444444
4.220138888888889
4.220138888888889
4.220138888888889
4.220138888888889
4.220138888888889
4.220138888888889
4.220138888888889
4.220138888888889
4.220138888888889
4.220138888888889
4.220138888888889
4.220138888888889
4.222916666666666
4.226388888888889
4.227777777777778
4.242361111111111
4.245138888888889
4.252083333333333
4.252083333333333
4.261805555555555
4.272222222222222
4.279861111111111
4.281944444444444
4.3069444444444445
4.331944444444445
4.374305555555556
4.411111111111111
4.429861111111111
4.435416666666667
4.810416666666667
4.810416666666667
4.820833333333334
4.822916666666667
4.829166666666667
4.829166666666667
4.829861111111111
4.829861111111111
4.846527777777778
4.846527777777778
4.847222222222222
4.866666666666666
4.866666666666666
4.868055555555555
4.868055555555555
4.871527777777778
4.871527777777778
4.874305555555556
4.874305555555556
4.885416666666667
4.885416666666667
4.885416666666667
4.888194444444444
4.888194444444444
4.888888888888889
4.888888888888889
4.891666666666667
4.906944444444444
4.910416666666666
4.913888888888889
4.914583333333334
4.925
4.925
4.925
4.925
4.925
4.927083333333333
4.927083333333333
4.927083333333333
4.927083333333333
4.927083333333333
4.927777777777778
4.933333333333334
4.934027777777778
4.950694444444444
4.951388888888889
4.951388888888889
4.951388888888889
4.951388888888889
4.951388888888889
4.951388888888889
4.970833333333333
4.972222222222222
4.975694444444445
4.978472222222222
4.986805555555556
4.986805555555556
4.989583333333333
4.989583333333333
4.989583333333333
4.989583333333333
4.992361111111111
4.993055555555555
4.995833333333334
4.995833333333334
4.996527777777778
5.000694444444444
5.000694444444444
5.011111111111111
5.011111111111111
5.011111111111111
5.011111111111111
5.014583333333333
5.014583333333333
5.014583333333333
5.014583333333333
5.018055555555556
5.018055555555556
5.018055555555556
5.018055555555556
5.029166666666667
5.03125
5.041666666666667
5.042361111111111
5.055555555555555
5.090972222222222
5.104861111111111
5.115277777777778
5.11875
5.122222222222222
5.210416666666666
5.210416666666666
5.288194444444445
5.322222222222222
5.388194444444444
5.427777777777778
5.615277777777778
5.684027777777778
5.719444444444444
5.719444444444444
5.719444444444444
5.719444444444444
5.729166666666667
5.729861111111111
5.788194444444445
5.788194444444445
5.788194444444445
5.788194444444445
5.823611111111111
5.833333333333333
5.833333333333333
5.833333333333333
5.833333333333333
5.834027777777778
5.834027777777778
5.834027777777778
5.834027777777778
5.883333333333334
5.885416666666667
5.892361111111111
5.9375
5.938194444444444
5.969444444444444
5.969444444444444
5.972916666666666
5.972916666666666
5.976388888888889
5.976388888888889
5.9875
5.989583333333333
6.013888888888889
6.073611111111111
6.077083333333333
6.080555555555556
6.35625
6.35625
6.43125
6.43125
6.43125
6.677777777777778
6.677777777777778
6.746527777777778
6.746527777777778
6.781944444444444
6.791666666666667
6.791666666666667
6.792361111111111
6.792361111111111
6.850694444444445
6.895833333333333
6.896527777777778
7.0
7.002777777777778
7.002777777777778
7.019444444444445
7.11875
7.11875
7.11875
7.133333333333334
7.135416666666667
7.159722222222222
7.327083333333333
7.327083333333333
7.327083333333333
7.6875
7.690277777777778
7.690277777777778
7.706944444444445
7.895833333333333
7.898611111111111
7.898611111111111
7.915277777777778
8.18125
8.18125
8.18125
8.24236111111111
8.24236111111111
8.247222222222222
8.285416666666666
8.285416666666666
8.285416666666666
8.75
8.752777777777778
8.752777777777778
8.769444444444444
8.854166666666666
8.856944444444444
8.856944444444444
8.873611111111112
8.92986111111111
8.92986111111111
8.934722222222222
9.138194444444444
9.138194444444444
9.143055555555556
9.43125
9.43125
9.43125
9.99236111111111
9.99236111111111
9.997222222222222
10.0
10.002777777777778
10.002777777777778
10.019444444444444
10.096527777777778
10.096527777777778
10.10138888888889
11.24236111111111
11.24236111111111
11.247222222222222